0.01 0.01 0.00
0.02 0.02 0.00
0.03 0.03 0.00
0.04 0.04 0.00
0.05 0.05 0.00
0.06 0.06 0.00
0.07 0.07 0.00
0.08 0.08 0.00
0.09 0.09 0.00
0.10 0.10 0.00
0.11 0.11 0.01
0.12 0.12 0.01
0.13 0.13 0.01
0.14 0.14 0.01
0.15 0.15 0.01
0.16 0.16 0.02
0.17 0.17 0.02
0.18 0.18 0.02
0.19 0.19 0.03
0.20 0.20 0.03
0.21 0.21 0.03
0.22 0.22 0.04
0.23 0.23 0.04
0.24 0.24 0.05
0.25 0.25 0.05
0.26 0.26 0.06
0.27 0.27 0.07
0.28 0.28 0.07
0.29 0.29 0.08
0.30 0.30 0.09
0.31 0.31 0.10
0.32 0.31 0.11
0.33 0.32 0.12
0.34 0.33 0.13
0.35 0.34 0.14
0.36 0.35 0.15
0.37 0.36 0.16
0.38 0.37 0.17
0.39 0.38 0.18
0.40 0.39 0.19
0.41 0.40 0.20
0.42 0.41 0.22
0.43 0.42 0.23
0.44 0.43 0.24
0.45 0.44 0.26
0.46 0.44 0.27
0.47 0.45 0.29
0.48 0.46 0.30
0.49 0.47 0.32
0.50 0.48 0.33
0.51 0.49 0.35
0.52 0.50 0.37
0.53 0.51 0.38
0.54 0.51 0.40
0.55 0.52 0.42
0.56 0.53 0.43
0.57 0.54 0.45
0.58 0.55 0.47
0.59 0.56 0.49
0.60 0.56 0.51
0.61 0.57 0.52
0.62 0.58 0.54
0.63 0.59 0.56
0.64 0.60 0.58
0.65 0.61 0.60
0.66 0.61 0.62
0.67 0.62 0.63
0.68 0.63 0.65
0.69 0.64 0.67
0.70 0.64 0.69
0.71 0.65 0.71
0.72 0.66 0.72
0.73 0.67 0.74
0.74 0.67 0.76
0.75 0.68 0.78
0.76 0.69 0.80
0.77 0.70 0.81
0.78 0.70 0.83
0.79 0.71 0.85
0.80 0.72 0.86
0.81 0.72 0.88
0.82 0.73 0.89
0.83 0.74 0.91
0.84 0.74 0.93
0.85 0.75 0.94
0.86 0.76 0.95
0.87 0.76 0.97
0.88 0.77 0.98
0.89 0.78 1.00
0.90 0.78 1.01
0.91 0.79 1.02
0.92 0.80 1.03
0.93 0.80 1.04
0.94 0.81 1.05
0.95 0.81 1.06
0.96 0.82 1.07
0.97 0.82 1.08
0.98 0.83 1.09
0.99 0.84 1.10
1.00 0.84 1.11
1.01 0.85 1.11
1.02 0.85 1.12
1.03 0.86 1.13
1.04 0.86 1.13
1.05 0.87 1.14
1.06 0.87 1.14
1.07 0.88 1.15
1.08 0.88 1.15
1.09 0.89 1.15
1.10 0.89 1.15
1.11 0.90 1.15
1.12 0.90 1.16
1.13 0.90 1.16
1.14 0.91 1.16
1.15 0.91 1.16
1.16 0.92 1.15
1.17 0.92 1.15
1.18 0.92 1.15
1.19 0.93 1.15
1.20 0.93 1.15
1.21 0.94 1.14
1.22 0.94 1.14
1.23 0.94 1.13
1.24 0.95 1.13
1.25 0.95 1.13
1.26 0.95 1.12
1.27 0.96 1.11
1.28 0.96 1.11
1.29 0.96 1.10
1.30 0.96 1.10
1.31 0.97 1.09
1.32 0.97 1.08
1.33 0.97 1.07
1.34 0.97 1.07
1.35 0.98 1.06
1.36 0.98 1.05
1.37 0.98 1.04
1.38 0.98 1.03
1.39 0.98 1.03
1.40 0.99 1.02
1.41 0.99 1.01
1.42 0.99 1.00
1.43 0.99 0.99
1.44 0.99 0.98
1.45 0.99 0.97
1.46 0.99 0.96
1.47 0.99 0.96
1.48 1.00 0.95
1.49 1.00 0.94
1.50 1.00 0.93
1.51 1.00 0.92
1.52 1.00 0.91
1.53 1.00 0.91
1.54 1.00 0.90
1.55 1.00 0.89
1.56 1.00 0.88
1.57 1.00 0.88
1.58 1.00 0.87
1.59 1.00 0.86
1.60 1.00 0.86
1.61 1.00 0.85
1.62 1.00 0.84
1.63 1.00 0.84
1.64 1.00 0.83
1.65 1.00 0.83
1.66 1.00 0.82
1.67 1.00 0.82
1.68 0.99 0.81
1.69 0.99 0.81
1.70 0.99 0.81
1.71 0.99 0.80
1.72 0.99 0.80
1.73 0.99 0.80
1.74 0.99 0.80
1.75 0.98 0.80
1.76 0.98 0.79
1.77 0.98 0.79
1.78 0.98 0.79
1.79 0.98 0.79
1.80 0.97 0.79
1.81 0.97 0.79
1.82 0.97 0.79
1.83 0.97 0.80
1.84 0.96 0.80
1.85 0.96 0.80
1.86 0.96 0.80
1.87 0.96 0.80
1.88 0.95 0.81
1.89 0.95 0.81
1.90 0.95 0.81
1.91 0.94 0.82
1.92 0.94 0.82
1.93 0.94 0.82
1.94 0.93 0.83
1.95 0.93 0.83
1.96 0.93 0.84
1.97 0.92 0.84
1.98 0.92 0.85
1.99 0.91 0.85
2.00 0.91 0.86
2.01 0.91 0.86
2.02 0.90 0.87
2.03 0.90 0.87
2.04 0.89 0.88
2.05 0.89 0.88
2.06 0.88 0.89
2.07 0.88 0.89
2.08 0.87 0.90
2.09 0.87 0.90
2.10 0.86 0.91
2.11 0.86 0.91
2.12 0.85 0.92
2.13 0.85 0.92
2.14 0.84 0.93
2.15 0.84 0.93
2.16 0.83 0.93
2.17 0.83 0.94
2.18 0.82 0.94
2.19 0.81 0.94
2.20 0.81 0.95
2.21 0.80 0.95
2.22 0.80 0.95
2.23 0.79 0.95
2.24 0.78 0.95
2.25 0.78 0.96
2.26 0.77 0.96
2.27 0.77 0.96
2.28 0.76 0.96
2.29 0.75 0.96
2.30 0.75 0.96
2.31 0.74 0.95
2.32 0.73 0.95
2.33 0.73 0.95
2.34 0.72 0.95
2.35 0.71 0.94
2.36 0.70 0.94
2.37 0.70 0.94
2.38 0.69 0.93
2.39 0.68 0.93
2.40 0.68 0.92
2.41 0.67 0.91
2.42 0.66 0.91
2.43 0.65 0.90
2.44 0.65 0.89
2.45 0.64 0.88
2.46 0.63 0.87
2.47 0.62 0.86
2.48 0.61 0.85
2.49 0.61 0.84
2.50 0.60 0.83
2.51 0.59 0.82
2.52 0.58 0.81
2.53 0.57 0.80
2.54 0.57 0.78
2.55 0.56 0.77
2.56 0.55 0.76
2.57 0.54 0.74
2.58 0.53 0.73
2.59 0.52 0.71
2.60 0.52 0.70
2.61 0.51 0.68
2.62 0.50 0.66
2.63 0.49 0.65
2.64 0.48 0.63
2.65 0.47 0.61
2.66 0.46 0.60
2.67 0.45 0.58
2.68 0.45 0.56
2.69 0.44 0.54
2.70 0.43 0.52
2.71 0.42 0.50
2.72 0.41 0.48
2.73 0.40 0.46
2.74 0.39 0.45
2.75 0.38 0.43
2.76 0.37 0.41
2.77 0.36 0.39
2.78 0.35 0.37
2.79 0.34 0.35
2.80 0.33 0.33
2.81 0.33 0.31
2.82 0.32 0.29
2.83 0.31 0.27
2.84 0.30 0.25
2.85 0.29 0.23
2.86 0.28 0.21
2.87 0.27 0.19
2.88 0.26 0.17
2.89 0.25 0.15
2.90 0.24 0.13
2.91 0.23 0.11
2.92 0.22 0.09
2.93 0.21 0.07
2.94 0.20 0.06
2.95 0.19 0.04
2.96 0.18 0.02
2.97 0.17 0.00
2.98 0.16 -0.01
2.99 0.15 -0.03
3.00 0.14 -0.05
3.01 0.13 -0.06
3.02 0.12 -0.08
3.03 0.11 -0.09
3.04 0.10 -0.11
3.05 0.09 -0.12
3.06 0.08 -0.14
3.07 0.07 -0.15
3.08 0.06 -0.16
3.09 0.05 -0.18
3.10 0.04 -0.19
3.11 0.03 -0.20
3.12 0.02 -0.21
3.13 0.01 -0.22
3.14 0.00 -0.23
3.15 -0.01 -0.24
3.16 -0.02 -0.25
3.17 -0.03 -0.26
3.18 -0.04 -0.27
3.19 -0.05 -0.28
3.20 -0.06 -0.29
3.21 -0.07 -0.29
3.22 -0.08 -0.30
3.23 -0.09 -0.31
3.24 -0.10 -0.31
3.25 -0.11 -0.32
3.26 -0.12 -0.32
3.27 -0.13 -0.33
3.28 -0.14 -0.33
3.29 -0.15 -0.34
3.30 -0.16 -0.34
3.31 -0.17 -0.34
3.32 -0.18 -0.35
3.33 -0.19 -0.35
3.34 -0.20 -0.35
3.35 -0.21 -0.35
3.36 -0.22 -0.35
3.37 -0.23 -0.36
3.38 -0.24 -0.36
3.39 -0.25 -0.36
3.40 -0.26 -0.36
3.41 -0.27 -0.36
3.42 -0.27 -0.36
3.43 -0.28 -0.36
3.44 -0.29 -0.36
3.45 -0.30 -0.36
3.46 -0.31 -0.36
3.47 -0.32 -0.36
3.48 -0.33 -0.36
3.49 -0.34 -0.36
3.50 -0.35 -0.36
3.51 -0.36 -0.36
3.52 -0.37 -0.36
3.53 -0.38 -0.36
3.54 -0.39 -0.36
3.55 -0.40 -0.36
3.56 -0.41 -0.36
3.57 -0.42 -0.36
3.58 -0.42 -0.36
3.59 -0.43 -0.36
3.60 -0.44 -0.36
3.61 -0.45 -0.36
3.62 -0.46 -0.36
3.63 -0.47 -0.36
3.64 -0.48 -0.36
3.65 -0.49 -0.36
3.66 -0.50 -0.37
3.67 -0.50 -0.37
3.68 -0.51 -0.37
3.69 -0.52 -0.37
3.70 -0.53 -0.38
3.71 -0.54 -0.38
3.72 -0.55 -0.38
3.73 -0.56 -0.39
3.74 -0.56 -0.39
3.75 -0.57 -0.40
3.76 -0.58 -0.40
3.77 -0.59 -0.41
3.78 -0.60 -0.41
3.79 -0.60 -0.42
3.80 -0.61 -0.42
3.81 -0.62 -0.43
3.82 -0.63 -0.44
3.83 -0.64 -0.45
3.84 -0.64 -0.45
3.85 -0.65 -0.46
3.86 -0.66 -0.47
3.87 -0.67 -0.48
3.88 -0.67 -0.49
3.89 -0.68 -0.50
3.90 -0.69 -0.51
3.91 -0.70 -0.52
3.92 -0.70 -0.53
3.93 -0.71 -0.54
3.94 -0.72 -0.55
3.95 -0.72 -0.57
3.96 -0.73 -0.58
3.97 -0.74 -0.59
3.98 -0.74 -0.60
3.99 -0.75 -0.62
4.00 -0.76 -0.63
4.01 -0.76 -0.64
4.02 -0.77 -0.66
4.03 -0.78 -0.67
4.04 -0.78 -0.69
4.05 -0.79 -0.70
4.06 -0.79 -0.72
4.07 -0.80 -0.73
4.08 -0.81 -0.75
4.09 -0.81 -0.76
4.10 -0.82 -0.78
4.11 -0.82 -0.79
4.12 -0.83 -0.81
4.13 -0.84 -0.82
4.14 -0.84 -0.84
4.15 -0.85 -0.85
4.16 -0.85 -0.87
4.17 -0.86 -0.88
4.18 -0.86 -0.90
4.19 -0.87 -0.91
4.20 -0.87 -0.93
4.21 -0.88 -0.94
4.22 -0.88 -0.96
4.23 -0.89 -0.97
4.24 -0.89 -0.99
4.25 -0.90 -1.00
4.26 -0.90 -1.02
4.27 -0.90 -1.03
4.28 -0.91 -1.04
4.29 -0.91 -1.06
4.30 -0.92 -1.07
4.31 -0.92 -1.08
4.32 -0.92 -1.09
4.33 -0.93 -1.11
4.34 -0.93 -1.12
4.35 -0.94 -1.13
4.36 -0.94 -1.14
4.37 -0.94 -1.15
4.38 -0.95 -1.16
4.39 -0.95 -1.17
4.40 -0.95 -1.18
4.41 -0.95 -1.19
4.42 -0.96 -1.19
4.43 -0.96 -1.20
4.44 -0.96 -1.21
4.45 -0.97 -1.21
4.46 -0.97 -1.22
4.47 -0.97 -1.23
4.48 -0.97 -1.23
4.49 -0.98 -1.24
4.50 -0.98 -1.24
4.51 -0.98 -1.24
4.52 -0.98 -1.25
4.53 -0.98 -1.25
4.54 -0.99 -1.25
4.55 -0.99 -1.25
4.56 -0.99 -1.25
4.57 -0.99 -1.25
4.58 -0.99 -1.25
4.59 -0.99 -1.25
4.60 -0.99 -1.25
4.61 -0.99 -1.25
4.62 -1.00 -1.24
4.63 -1.00 -1.24
4.64 -1.00 -1.24
4.65 -1.00 -1.23
4.66 -1.00 -1.23
4.67 -1.00 -1.22
4.68 -1.00 -1.22
4.69 -1.00 -1.21
4.70 -1.00 -1.20
4.71 -1.00 -1.20
4.72 -1.00 -1.19
4.73 -1.00 -1.18
4.74 -1.00 -1.17
4.75 -1.00 -1.17
4.76 -1.00 -1.16
4.77 -1.00 -1.15
4.78 -1.00 -1.14
4.79 -1.00 -1.13
4.80 -1.00 -1.12
4.81 -1.00 -1.11
4.82 -0.99 -1.10
4.83 -0.99 -1.09
4.84 -0.99 -1.07
4.85 -0.99 -1.06
4.86 -0.99 -1.05
4.87 -0.99 -1.04
4.88 -0.99 -1.03
4.89 -0.98 -1.02
4.90 -0.98 -1.01
4.91 -0.98 -0.99
4.92 -0.98 -0.98
4.93 -0.98 -0.97
4.94 -0.97 -0.96
4.95 -0.97 -0.94
4.96 -0.97 -0.93
4.97 -0.97 -0.92
4.98 -0.96 -0.91
4.99 -0.96 -0.90
5.00 -0.96 -0.89
5.01 -0.96 -0.87
5.02 -0.95 -0.86
5.03 -0.95 -0.85
5.04 -0.95 -0.84
5.05 -0.94 -0.83
5.06 -0.94 -0.82
5.07 -0.94 -0.81
5.08 -0.93 -0.80
5.09 -0.93 -0.79
5.10 -0.93 -0.78
5.11 -0.92 -0.77
5.12 -0.92 -0.76
5.13 -0.91 -0.75
5.14 -0.91 -0.74
5.15 -0.91 -0.73
5.16 -0.90 -0.73
5.17 -0.90 -0.72
5.18 -0.89 -0.71
5.19 -0.89 -0.70
5.20 -0.88 -0.70
5.21 -0.88 -0.69
5.22 -0.87 -0.69
5.23 -0.87 -0.68
5.24 -0.86 -0.68
5.25 -0.86 -0.67
5.26 -0.85 -0.67
5.27 -0.85 -0.66
5.28 -0.84 -0.66
5.29 -0.84 -0.65
5.30 -0.83 -0.65
5.31 -0.83 -0.65
5.32 -0.82 -0.65
5.33 -0.82 -0.64
5.34 -0.81 -0.64
5.35 -0.80 -0.64
5.36 -0.80 -0.64
5.37 -0.79 -0.64
5.38 -0.79 -0.64
5.39 -0.78 -0.64
5.40 -0.77 -0.64
5.41 -0.77 -0.64
5.42 -0.76 -0.64
5.43 -0.75 -0.64
5.44 -0.75 -0.64
5.45 -0.74 -0.64
5.46 -0.73 -0.64
5.47 -0.73 -0.64
5.48 -0.72 -0.65
5.49 -0.71 -0.65
5.50 -0.71 -0.65
5.51 -0.70 -0.65
5.52 -0.69 -0.65
5.53 -0.68 -0.65
5.54 -0.68 -0.66
5.55 -0.67 -0.66
5.56 -0.66 -0.66
5.57 -0.65 -0.66
5.58 -0.65 -0.66
5.59 -0.64 -0.67
5.60 -0.63 -0.67
5.61 -0.62 -0.67
5.62 -0.62 -0.67
5.63 -0.61 -0.67
5.64 -0.60 -0.67
5.65 -0.59 -0.67
5.66 -0.58 -0.68
5.67 -0.58 -0.68
5.68 -0.57 -0.68
5.69 -0.56 -0.68
5.70 -0.55 -0.68
5.71 -0.54 -0.68
5.72 -0.53 -0.68
5.73 -0.53 -0.67
5.74 -0.52 -0.67
5.75 -0.51 -0.67
5.76 -0.50 -0.67
5.77 -0.49 -0.67
5.78 -0.48 -0.66
5.79 -0.47 -0.66
5.80 -0.46 -0.66
5.81 -0.46 -0.65
5.82 -0.45 -0.65
5.83 -0.44 -0.64
5.84 -0.43 -0.64
5.85 -0.42 -0.63
5.86 -0.41 -0.63
5.87 -0.40 -0.62
5.88 -0.39 -0.61
5.89 -0.38 -0.61
5.90 -0.37 -0.60
5.91 -0.36 -0.59
5.92 -0.36 -0.58
5.93 -0.35 -0.57
5.94 -0.34 -0.56
5.95 -0.33 -0.55
5.96 -0.32 -0.54
5.97 -0.31 -0.53
5.98 -0.30 -0.52
5.99 -0.29 -0.50
6.00 -0.28 -0.49
6.01 -0.27 -0.48
6.02 -0.26 -0.46
6.03 -0.25 -0.45
6.04 -0.24 -0.43
6.05 -0.23 -0.42
6.06 -0.22 -0.40
6.07 -0.21 -0.39
6.08 -0.20 -0.37
6.09 -0.19 -0.36
6.10 -0.18 -0.34
6.11 -0.17 -0.32
6.12 -0.16 -0.30
6.13 -0.15 -0.29
6.14 -0.14 -0.27
6.15 -0.13 -0.25
6.16 -0.12 -0.23
6.17 -0.11 -0.21
6.18 -0.10 -0.19
6.19 -0.09 -0.17
6.20 -0.08 -0.15
6.21 -0.07 -0.14
6.22 -0.06 -0.12
6.23 -0.05 -0.10
6.24 -0.04 -0.08
6.25 -0.03 -0.06
6.26 -0.02 -0.04
6.27 -0.01 -0.02
6.28 -0.00 0.01
6.29 0.01 0.03
6.30 0.02 0.05
6.31 0.03 0.07
6.32 0.04 0.09
6.33 0.05 0.11
6.34 0.06 0.13
6.35 0.07 0.15
6.36 0.08 0.16
6.37 0.09 0.18
6.38 0.10 0.20
6.39 0.11 0.22
6.40 0.12 0.24
6.41 0.13 0.26
6.42 0.14 0.28
6.43 0.15 0.30
6.44 0.16 0.31
6.45 0.17 0.33
6.46 0.18 0.35
6.47 0.19 0.37
6.48 0.20 0.38
6.49 0.21 0.40
6.50 0.22 0.41
6.51 0.22 0.43
6.52 0.23 0.44
6.53 0.24 0.46
6.54 0.25 0.47
6.55 0.26 0.49
6.56 0.27 0.50
6.57 0.28 0.51
6.58 0.29 0.53
6.59 0.30 0.54
6.60 0.31 0.55
6.61 0.32 0.56
6.62 0.33 0.57
6.63 0.34 0.58
6.64 0.35 0.59
6.65 0.36 0.60
6.66 0.37 0.61
6.67 0.38 0.62
6.68 0.39 0.62
6.69 0.40 0.63
6.70 0.40 0.64
6.71 0.41 0.64
6.72 0.42 0.65
6.73 0.43 0.65
6.74 0.44 0.66
6.75 0.45 0.66
6.76 0.46 0.67
6.77 0.47 0.67
6.78 0.48 0.67
6.79 0.49 0.68
6.80 0.49 0.68
6.81 0.50 0.68
6.82 0.51 0.68
6.83 0.52 0.68
6.84 0.53 0.69
6.85 0.54 0.69
6.86 0.55 0.69
6.87 0.55 0.69
6.88 0.56 0.69
6.89 0.57 0.69
6.90 0.58 0.69
6.91 0.59 0.69
6.92 0.59 0.68
6.93 0.60 0.68
6.94 0.61 0.68
6.95 0.62 0.68
6.96 0.63 0.68
6.97 0.63 0.68
6.98 0.64 0.68
6.99 0.65 0.67
7.00 0.66 0.67
7.01 0.66 0.67
7.02 0.67 0.67
7.03 0.68 0.67
7.04 0.69 0.66
7.05 0.69 0.66
7.06 0.70 0.66
7.07 0.71 0.66
7.08 0.72 0.66
7.09 0.72 0.66
7.10 0.73 0.65
7.11 0.74 0.65
7.12 0.74 0.65
7.13 0.75 0.65
7.14 0.76 0.65
7.15 0.76 0.65
7.16 0.77 0.65
7.17 0.78 0.65
7.18 0.78 0.65
7.19 0.79 0.65
7.20 0.79 0.65
7.21 0.80 0.65
7.22 0.81 0.65
7.23 0.81 0.66
7.24 0.82 0.66
7.25 0.82 0.66
7.26 0.83 0.66
7.27 0.83 0.67
7.28 0.84 0.67
7.29 0.85 0.67
7.30 0.85 0.68
7.31 0.86 0.68
7.32 0.86 0.69
7.33 0.87 0.69
7.34 0.87 0.70
7.35 0.88 0.70
7.36 0.88 0.71
7.37 0.89 0.71
7.38 0.89 0.72
7.39 0.89 0.73
7.40 0.90 0.74
7.41 0.90 0.74
7.42 0.91 0.75
7.43 0.91 0.76
7.44 0.92 0.77
7.45 0.92 0.78
7.46 0.92 0.79
7.47 0.93 0.80
7.48 0.93 0.81
7.49 0.93 0.82
7.50 0.94 0.83
7.51 0.94 0.84
7.52 0.94 0.85
7.53 0.95 0.86
7.54 0.95 0.87
7.55 0.95 0.88
7.56 0.96 0.89
7.57 0.96 0.90
7.58 0.96 0.91
7.59 0.97 0.92
7.60 0.97 0.94
7.61 0.97 0.95
7.62 0.97 0.96
7.63 0.98 0.97
7.64 0.98 0.98
7.65 0.98 0.99
7.66 0.98 1.01
7.67 0.98 1.02
7.68 0.98 1.03
7.69 0.99 1.04
7.70 0.99 1.05
7.71 0.99 1.06
7.72 0.99 1.07
7.73 0.99 1.08
7.74 0.99 1.09
7.75 0.99 1.10
7.76 1.00 1.11
7.77 1.00 1.12
7.78 1.00 1.13
7.79 1.00 1.14
7.80 1.00 1.15
7.81 1.00 1.16
7.82 1.00 1.17
7.83 1.00 1.18
7.84 1.00 1.18
7.85 1.00 1.19
7.86 1.00 1.20
7.87 1.00 1.20
7.88 1.00 1.21
7.89 1.00 1.21
7.90 1.00 1.22
7.91 1.00 1.22
7.92 1.00 1.23
7.93 1.00 1.23
7.94 1.00 1.23
7.95 1.00 1.24
7.96 0.99 1.24
7.97 0.99 1.24
7.98 0.99 1.24
7.99 0.99 1.24
8.00 0.99 1.24
8.01 0.99 1.24
8.02 0.99 1.24
8.03 0.98 1.24
8.04 0.98 1.24
8.05 0.98 1.23
8.06 0.98 1.23
8.07 0.98 1.23
8.08 0.97 1.22
8.09 0.97 1.22
8.10 0.97 1.21
8.11 0.97 1.20
8.12 0.96 1.20
8.13 0.96 1.19
8.14 0.96 1.18
8.15 0.96 1.18
8.16 0.95 1.17
8.17 0.95 1.16
8.18 0.95 1.15
8.19 0.94 1.14
8.20 0.94 1.13
8.21 0.94 1.12
8.22 0.93 1.11
8.23 0.93 1.10
8.24 0.93 1.09
8.25 0.92 1.07
8.26 0.92 1.06
8.27 0.91 1.05
8.28 0.91 1.04
8.29 0.91 1.02
8.30 0.90 1.01
8.31 0.90 1.00
8.32 0.89 0.98
8.33 0.89 0.97
8.34 0.88 0.95
8.35 0.88 0.94
8.36 0.87 0.92
8.37 0.87 0.91
8.38 0.86 0.89
8.39 0.86 0.88
8.40 0.85 0.86
8.41 0.85 0.85
8.42 0.84 0.83
8.43 0.84 0.82
8.44 0.83 0.80
8.45 0.83 0.79
8.46 0.82 0.77
8.47 0.82 0.76
8.48 0.81 0.74
8.49 0.80 0.73
8.50 0.80 0.71
8.51 0.79 0.70
8.52 0.79 0.69
8.53 0.78 0.67
8.54 0.77 0.66
8.55 0.77 0.64
8.56 0.76 0.63
8.57 0.75 0.62
8.58 0.75 0.60
8.59 0.74 0.59
8.60 0.73 0.58
8.61 0.73 0.57
8.62 0.72 0.56
8.63 0.71 0.54
8.64 0.71 0.53
8.65 0.70 0.52
8.66 0.69 0.51
8.67 0.69 0.50
8.68 0.68 0.49
8.69 0.67 0.48
8.70 0.66 0.47
8.71 0.66 0.46
8.72 0.65 0.46
8.73 0.64 0.45
8.74 0.63 0.44
8.75 0.62 0.43
8.76 0.62 0.43
8.77 0.61 0.42
8.78 0.60 0.41
8.79 0.59 0.41
8.80 0.58 0.40
8.81 0.58 0.40
8.82 0.57 0.39
8.83 0.56 0.39
8.84 0.55 0.38
8.85 0.54 0.38
8.86 0.54 0.37
8.87 0.53 0.37
8.88 0.52 0.37
8.89 0.51 0.36
8.90 0.50 0.36
8.91 0.49 0.36
8.92 0.48 0.36
8.93 0.47 0.36
8.94 0.47 0.35
8.95 0.46 0.35
8.96 0.45 0.35
8.97 0.44 0.35
8.98 0.43 0.35
8.99 0.42 0.35
9.00 0.41 0.35
9.01 0.40 0.35
9.02 0.39 0.35
9.03 0.38 0.35
9.04 0.38 0.35
9.05 0.37 0.35
9.06 0.36 0.35
9.07 0.35 0.35
9.08 0.34 0.35
9.09 0.33 0.35
9.10 0.32 0.35
9.11 0.31 0.35
9.12 0.30 0.34
9.13 0.29 0.34
9.14 0.28 0.34
9.15 0.27 0.34
9.16 0.26 0.34
9.17 0.25 0.34
9.18 0.24 0.34
9.19 0.23 0.34
9.20 0.22 0.33
9.21 0.21 0.33
9.22 0.20 0.33
9.23 0.19 0.33
9.24 0.18 0.32
9.25 0.17 0.32
9.26 0.16 0.32
9.27 0.15 0.31
9.28 0.14 0.31
9.29 0.13 0.30
9.30 0.12 0.30
9.31 0.11 0.29
9.32 0.10 0.29
9.33 0.09 0.28
9.34 0.08 0.27
9.35 0.07 0.27
9.36 0.06 0.26
9.37 0.05 0.25
9.38 0.04 0.24
9.39 0.03 0.24
9.40 0.02 0.23
9.41 0.01 0.22
9.42 0.00 0.21
9.43 -0.01 0.20
9.44 -0.02 0.19
9.45 -0.03 0.17
9.46 -0.04 0.16
9.47 -0.05 0.15
9.48 -0.06 0.14
9.49 -0.07 0.12
9.50 -0.08 0.11
9.51 -0.09 0.10
9.52 -0.10 0.08
9.53 -0.11 0.07
9.54 -0.12 0.05
9.55 -0.12 0.04
9.56 -0.13 0.02
9.57 -0.14 0.01
9.58 -0.15 -0.01
9.59 -0.16 -0.02
9.60 -0.17 -0.04
9.61 -0.18 -0.06
9.62 -0.19 -0.08
9.63 -0.20 -0.09
9.64 -0.21 -0.11
9.65 -0.22 -0.13
9.66 -0.23 -0.15
9.67 -0.24 -0.17
9.68 -0.25 -0.18
9.69 -0.26 -0.20
9.70 -0.27 -0.22
9.71 -0.28 -0.24
9.72 -0.29 -0.26
9.73 -0.30 -0.28
9.74 -0.31 -0.30
9.75 -0.32 -0.32
9.76 -0.33 -0.34
9.77 -0.34 -0.36
9.78 -0.35 -0.38
9.79 -0.36 -0.39
9.80 -0.37 -0.41
9.81 -0.38 -0.43
9.82 -0.39 -0.45
9.83 -0.39 -0.47
9.84 -0.40 -0.49
9.85 -0.41 -0.51
9.86 -0.42 -0.53
9.87 -0.43 -0.54
9.88 -0.44 -0.56
9.89 -0.45 -0.58
9.90 -0.46 -0.60
9.91 -0.47 -0.61
9.92 -0.48 -0.63
9.93 -0.48 -0.65
9.94 -0.49 -0.66
9.95 -0.50 -0.68
9.96 -0.51 -0.69
9.97 -0.52 -0.71
9.98 -0.53 -0.72
9.99 -0.54 -0.74
